# Dimensions (x, y, z)
d  15 20 4

# Paths: Sources (x, y, z) -> Destinations (x, y, z)
p    12  15 1     3  10 1
p    11   6 1     8  18 2
p     4  15 2     3  18 3
p    12  18 1    10  17 2
p     7   2 1     9  18 3
p     7  17 1    12  10 0
p    10   7 3    10   0 1
p    13   4 1    13   3 2
p     3  19 3     6   1 1
p     7  18 0     8  14 2
p    12  10 3     9  11 1
p     8   7 2     4   3 0
p     9  13 1     1  15 3
p    13  16 3    13  10 1
p    10   5 3    12  17 2
p    14  11 1     9  19 3
p    11   1 2     7  12 3
p     3  14 0     3  15 1
p    12   2 0    10   0 2
p    13  10 2     0  12 2
p     8   7 1    14   0 0
p    14   3 0     3  16 3
p     0   8 0     3   4 2
p     5   3 2     0   2 3
p     2   7 2    12  18 0
p    10  19 0    10  16 1
p     3  11 1     2   9 1
p     8  10 1     5  16 1
p     8   0 2     5   0 1
p     3  19 1     4   7 3
p     9  12 2     5   8 2
p     0   3 1     3  12 1
p    13  11 1     6  14 1
p     9   0 1     3   3 2
p     7  11 3    13   9 1
p     7  16 3    12   3 3
p     9   1 2    14   8 2
p     4   4 2     0  16 2
p     1   2 2    13   5 3
p     1  17 1     1   5 1
