# Dimensions (x, y, z)
d  50 25 3

# Paths: Sources (x, y, z) -> Destinations (x, y, z)
p    42  18 1    12  12 1
p    39   7 1    29  22 1
p    14  18 1    12  22 2
p    40  22 0    36  22 2
p    23   2 1    30  22 2
p    23  21 0    40  13 0
p    35   9 2    33   0 1
p    43   6 0    43   4 1
p    11  24 2    22   2 0
p    25  23 0    27  17 1
p    40  13 2    30  14 1
p    29   9 1    14   4 0
p    30  16 1     4  18 2
p    46  21 2    46  13 1
p    35   6 2    42  22 1
p    47  14 1    33  24 2
p    39   2 1    24  15 2
p    12  18 0    11  19 0
p    40   2 0    34   1 1
p    45  13 2     1  15 1
p    28   9 1    49   0 0
p    48   4 0    10  20 2
p     1  10 0    12   5 1
p    17   4 1     1   2 2
p     9   8 2    41  22 0
p    33  24 0    33  21 1
p    12  14 1     8  11 1
p    28  12 0    17  20 0
p    28   0 2    16   1 0
p    12  23 1    14   8 2
